1148 1653
1946 2828
2978 3230
3857 4672
5038 5524
6032 6322
6369 6515
6878 7393
7617 7913
7986 8134
8502 9018
11310 11450
13420 13560
13860 14040
14440 14540
15260 15400
15830 16140
17460 17600
17750 17890
19070 19360
19430 19570
19650 19790
19860 20000
20160 20300
20380 20520
20600 20750
20820 20970
21080 21230
21780 21920
22630 22770
22960 23130
23200 23340
23560 23700
24190 24330
24400 24550
24670 24810
24860 25110
25180 25320
25390 25540
25610 26110
26990 27130
27200 27350
27570 28080
28440 30000